0.905791937075619,0.892267188231107,0.955372102971021,0.739832227063707,-1
0.126986816293506,0.24260338627967,0.724247033520084,0.88899234515285,1
0.913375856139019,0.12959697583754,0.580891712363774,0.859807625912606,1
0.63235924622541,0.225067882127913,0.54025790742078,0.597060788610351,1
0.09754040499941,0.350013919000766,0.705441191564081,0.654752143480193,1
0.278498218867048,0.287084613146176,0.005028883301121,0.915013993756726,1
0.546881519204984,0.927488007179428,0.782515778836242,0.433183080639157,-1
0.957506835434298,0.051313756816796,0.926859573385509,0.28976075584224,1
0.964888535199277,0.592666755206387,0.00829565739264,0.631882300545926,1
0.157613081677548,0.162898900217732,0.824628342666394,0.295421839485955,1
0.970592781760616,0.83840576967303,0.76733586802788,0.622028790367341,-1
0.957166948242946,0.167560930211271,0.997136895348686,0.047534194191454,1
0.485375648722841,0.502200615409473,0.227653072058219,0.994609895249091,1
0.8002804688888,0.999329479025719,0.919542206194465,0.206764149130446,-1
0.141886338627215,0.355407151267881,0.64199930552178,0.607363956107084,1
0.421761282626275,0.047077709548834,0.105320182975915,0.347630325692841,1
0.915735525189067,0.213660585120799,0.268160913711683,0.717737067921327,1
0.792207329559554,0.397839124102705,0.763843764539584,0.02799329517132,1
0.959492426392903,0.333668180380295,0.805510155575541,0.066841761177848,1
0.655740699156587,0.229602531968198,0.104252997601917,0.927064140870894,1
0.03571167857419,0.936120177502068,0.469758776292843,0.087771760637633,-1
0.849129305868777,0.683188784699983,0.219061890891174,0.332398561915436,1
0.933993247757551,0.962113795722863,0.922707906542724,0.526180895421029,-1
0.678735154857773,0.437973177632798,0.320322632016148,0.246642124058313,1
0.757740130578333,0.940336654420907,0.857543808780781,0.542899456586946,-1
0.743132468124916,0.005834324572371,0.259846667655122,0.780867850604077,1
0.392227019534168,0.610307030069875,0.878062942706618,0.521882381409282,-1
0.655477890177557,0.80107575696612,0.188267616829231,0.931949933886006,-1
0.171186687811562,0.232981533413648,0.759193837349818,0.147111980322787,1
0.706046088019609,0.932468675920979,0.031689300112207,0.416765701751856,-1
0.031832846377421,0.763262775333742,0.642339157082965,0.280292866619113,-1
0.27692298496089,0.826449539702682,0.566870912760646,0.598100317141488,-1
0.046171390631154,0.573463588604866,0.376409545450067,0.036474856701132,-1
0.097131781235848,0.792581664120226,0.212548379439868,0.063686503051363,-1
0.823457828327293,0.329041195839248,0.792156839532589,0.322882505170559,1
0.694828622975817,0.223461976125853,0.145443480124611,0.098378530384875,1
0.317099480060861,0.312386342019254,0.489142450390656,0.170044626268754,1
0.950222048838355,0.584523478528556,0.012845746873763,0.371163798766144,1
0.034446080502909,0.829914141021523,0.186612024812195,0.039761622621239,-1
0.438744359656398,0.290462491547268,0.48523045694977,0.709240953533567,1
0.381558457093008,0.402554392063122,0.838226076700295,0.641341360210975,1
0.765516788149002,0.862057298433146,0.14105696859946,0.174060860147872,-1
0.795199901137063,0.6147395502164,0.73221698741175,0.062151942633685,1
0.186872604554379,0.991187788329793,0.691066915983427,0.406659420297776,-1
0.489764395788231,0.203698875185622,0.034492619784633,0.463062925909165,1
0.445586200710899,0.827209084946655,0.48885726360846,0.202674299437306,-1
0.646313010111265,0.675861618952774,0.971390410156509,0.869549890049143,1
0.709364830858073,0.248949470039808,0.112451379350698,0.597940369107138,1
0.754686681982361,0.475785626569533,0.743213774200817,0.023013537091441,1
0.276025076998578,0.399075226726792,0.638541371339421,0.899426437101584,1
0.679702676853675,0.599438249091412,0.594182912969943,0.452946115671495,1
0.655098003973841,0.800522765803851,0.49862251273625,0.058026176496585,-1
0.162611735194631,0.105068771291171,0.567852659287788,0.106269376654518,1
0.118997681558377,0.821442194126392,0.426504251336355,0.998425291506397,-1
0.498364051982143,0.841086330045423,0.07623944235383,0.86632740366717,-1
0.959743958516081,0.354506244400439,0.290586653457929,0.615205796593277,1
0.340385726666133,0.430069462615833,0.561335047322794,0.026944484483866,-1
0.585267750979777,0.572239218412685,0.63333346832172,0.322522635620462,1
0.223811939491137,0.700824730771237,0.930775859048123,0.463776233943276,-1
0.751267059305653,0.74246975698728,0.977769157702234,0.099017232921311,-1
0.255095115459269,0.757884150620785,0.093596546005954,0.570988144269953,-1
0.505957051665142,0.389128763569227,0.661734944417943,0.325875094193265,1
0.699076722656686,0.429302484999837,0.602772899485439,0.450492336647337,1
0.890903252535798,0.956344657500659,0.473817863220927,0.577843795117458,-1
0.959291425205444,0.572971367270484,0.356256342496277,0.074844307599836,1
0.547215529963803,0.849722054218674,0.47557844163322,0.057342669375482,-1
0.138624442828679,0.276345316298223,0.671022018283348,0.300956435005654,1
0.149294005559057,0.62232361515245,0.959645196993795,0.521721248782275,-1
0.257508254123736,0.588361684613539,0.08908426550641,0.561880235062444,-1
0.840717255983663,0.963468465806992,0.797742459847051,0.241554770085929,-1
0.254282178971531,0.085902694967251,0.590775746140886,0.912720162652781,1
0.814284826068816,0.500498891603951,0.912196754252076,0.825734269699093,1
0.243524968724989,0.521589676498055,0.101129318887619,0.444545883918906,-1
0.929263623187228,0.090166002168964,0.293294642967131,0.982062563214574,1
0.349983765984809,0.904666479690125,0.051588205383934,0.578267561462169,-1
0.196595250431208,0.88438893850986,0.504128180597837,0.23442349639393,-1
0.251083857976031,0.43898966680559,0.768375751898677,0.810590442462569,1
0.616044676146639,0.781722612917166,0.282985376214109,0.451274164510932,-1
0.473288848902729,0.148465022943408,0.225360245794357,0.249969169410276,1
0.351659507062997,0.619815927260871,0.331289642625589,0.955437531793689,1
0.830828627896291,0.260623679394421,0.453251351408243,0.142650346985794,1
0.585264091152724,0.445656211439575,0.7373846381813,0.512563384780399,1
0.54972360829114,0.843999511474936,0.509885654703147,0.971925137586938,-1
0.91719366382981,0.196204918731252,0.382514191853397,0.648320621265659,1
0.285839018820374,0.303851622777652,0.905483216847227,0.614671003416509,1
0.757200229110721,0.483294567734286,0.965257748969727,0.469650371915958,1
0.753729094278495,0.337812043871024,0.628267352552455,0.577780697646748,1
0.380445846975357,0.798485829521549,0.132031170054907,0.911313227169849,-1
0.567821640725221,0.987487575189353,0.618301778328654,0.376220283460707,-1
0.075854289563064,0.159047554722395,0.383020104064703,0.228764772549632,1
0.053950118666607,0.236879783226055,0.991193747568799,0.423524871222756,1
0.530797553008973,0.70223663266789,0.286827284759212,0.273596220894793,-1
0.779167230102011,0.375471662697547,0.706191429589364,0.444565843866667,1
0.934010684229183,0.973704902674984,0.535205897505445,0.627515046901424,-1
0.12990620847373,0.972305555688457,0.193211038592101,0.534641253536576,-1
0.568823660872193,0.643698049421405,0.689435100924171,0.385442159974304,-1
0.469390641058206,0.860098876854161,0.050455003168673,0.873450099080692,-1
0.011902069501241,0.401883398008086,0.184434115699354,0.300348734897046,-1
0.337122644398882,0.631930797977457,0.045658323477383,0.400029715619638,-1
0.162182308193243,0.98523663941483,0.885041502041251,0.517723514394718,-1
0.794284540683907,0.559477405987275,0.839794385798114,0.061824714412336,1
0.311215042044805,0.933591915842209,0.118155245153682,0.231367220579307,-1
0.528533135506213,0.720343206000748,0.410414853697837,0.118485991561029,-1
0.165648729499781,0.484038516812342,0.12022858999065,0.098780035873503,-1
0.601981941401637,0.63903109268123,0.572092522260723,0.890275455546976,1
0.262971284540144,0.887636865889604,0.949390134629152,0.0333890773864,-1
0.654079098476782,0.198736750098921,0.25638515979688,0.839034991901461,1
0.689214503140008,0.39536627395521,0.989865435151316,0.507266724816296,1
0.748151592823709,0.992175302495305,0.349808041044371,0.113716441044558,-1
0.450541598502498,0.402351616935948,0.20852237389343,0.49044565696202,1
0.083821377996933,0.658856481072931,0.665827160044803,0.599441720175534,-1
0.228976968716819,0.901348123034512,0.97334470672087,0.090216133120186,-1
0.91333736150167,0.995381776517886,0.622699821538518,0.978224034127668,-1
0.152378018969223,0.65316328109469,0.063537892557369,0.653018772578069,-1
0.825816977489547,0.108436427855515,0.373509533241305,0.4611321265498,1
0.538342435260057,0.036114030795356,0.166251535436548,0.863758110483555,1
0.996134716626885,0.618091239046974,0.231278078105778,0.262829072110785,1
0.078175528753184,0.567144361897996,0.052208633293852,0.82396294284602,-1
0.442678269775446,0.961964657805326,0.901756316713514,0.328975305064346,-1
0.106652770180584,0.746105469418888,0.793291699901326,0.941300531148415,-1
0.961898080855054,0.662516098435082,0.373014324844645,0.244108071013869,1
0.004634224134067,0.52331331841201,0.832054705376542,0.95711016517866,1
0.774910464711502,0.259894281484397,0.753834556589773,0.510824964684785,1
0.817303220653433,0.961993766916173,0.621863097261786,0.564579859307507,-1
0.86869470536351,0.54020403751352,0.394093180849151,0.993716131600963,1
0.08443584551091,0.030270163419769,0.359277961450212,0.770983940011353,1
0.399782649098896,0.696314463411127,0.088852460892282,0.313801920872552,-1
0.259870402850654,0.519716157920878,0.341677003639647,0.057872624816474,-1
0.800068480224308,0.059030555664484,0.548670594067366,0.044073791819134,1
0.431413827463545,0.890036233228213,0.460547461088786,0.812943969672552,-1
0.910647594429523,0.330202242514021,0.64545237343559,0.412073277714361,1
0.181847028302852,0.22970119787112,0.513520841267514,0.384163168822831,1
0.26380291652199,0.113948641995189,0.814426468563278,0.523126532390386,1
0.145538980384717,0.310922713453606,0.097183205986997,0.892148966891949,1
0.136068558708664,0.228432322135737,0.463713560645511,0.405920640599473,1
0.869292207640089,0.651997167217003,0.589817489604743,0.604388896137601,1
0.57970458736557,0.066160124598327,0.187172070539839,0.09480355645845,1
0.549860201836332,0.275431379860917,0.611330146637951,0.335981277769252,1
0.144954798223727,0.281820237560867,0.051941981368346,0.144841838461304,1
0.853031117721894,0.880066259726056,0.575726948453721,0.244880529743163,-1
0.622055131485066,0.444330358699235,0.842344701828773,0.37897165848807,1
0.350952380892271,0.755914120907961,0.499725973621345,0.270319612046424,-1
0.513249539867053,0.603296375815348,0.439024887659214,0.215599299506781,-1
0.401808033751942,0.783265937404036,0.149057083245688,0.633731111043642,-1
0.075966691690842,0.113930638678426,0.028279450895793,0.799715570149051,1
0.239916153553658,0.978563885159978,0.756669787984348,0.208514026718345,-1
0.123318934835166,0.848596675479549,0.79610623594284,0.896256192163473,-1
0.183907788282417,0.050646497670543,0.29355559441744,0.745709470805585,1
0.239952525664903,0.466201833790636,0.115206746018031,0.536385807038486,1
0.41726706908437,0.325653274948034,0.375091630987986,0.969965194019504,1
0.049654430325742,0.63020512499975,0.82889374505677,0.564883170177399,-1
0.902716109915281,0.230299163777674,0.841776581954761,0.217689898943781,1
0.944787189721646,0.579884973281289,0.665238451557799,0.857763286845635,1
0.49086409246808,0.603156320439897,0.960139975886254,0.861999317827353,1
0.489252638400019,0.599879095832857,0.943117892210703,0.313302194836426,-1
0.337719409821377,0.448427880383915,0.112699492380728,0.326984211497351,1
0.900053846417662,0.035423460682788,0.648287449225586,0.840013404018371,1
0.369246781120215,0.513814835038277,0.48080405167944,0.492532786265149,1
0.111202755293787,0.407730161772637,0.066520691949122,0.051902484088193,-1
0.780252068321138,0.108046036615559,0.897771225532002,0.778018368946308,1
0.389738836961253,0.459875628942314,0.497230128936991,0.426672385823044,1
0.241691285913833,0.45088275367583,0.771303428858631,0.279961881386735,-1
0.403912145588115,0.551140335804419,0.060362229423969,0.333508011813132,-1
0.096454525168389,0.805404317007998,0.262457464904029,0.366939952046648,-1
0.131973292606335,0.700850072786061,0.651069368702479,0.794792410212092,-1
0.942050590775485,0.872235503921598,0.133603910449774,0.038690785567543,-1
0.956134540229802,0.052192152428901,0.638545736824786,0.726669335495522,1
0.575208595078466,0.219681311405346,0.384943094967874,0.872684459300564,1
0.059779542947156,0.459642010111367,0.7656981256747,0.285814782532667,-1
0.234779913372406,0.95853359612901,0.652915682156136,0.656849259385463,-1
0.353158571222071,0.790045356979438,0.381489065282516,0.231886625099597,-1
0.821194040197959,0.451874609042501,0.300018582740438,0.621953941544503,1
0.015403437651555,0.333428186460866,0.340139555506767,0.075123767353311,-1
0.043023801657808,0.059095312680081,0.918926536712417,0.966755875499731,1
0.168990029462704,0.740905302893588,0.456266813303239,0.609969956623824,-1
0.649115474956452,0.506794524055503,0.442496952598123,0.383715179754413,1
0.73172238565867,0.199925413139355,0.454185819615522,0.030569773341417,1
0.647745963136307,0.427193551101288,0.94528200918664,0.85756558681509,1
0.450923706430945,0.168690278712271,0.219118952550175,0.603543185381736,1
0.547008892286345,0.751694590854687,0.882402795931734,0.847840405091208,-1
0.296320805607773,0.3683508416288,0.019875422824709,0.504616246876344,1
0.744692807074156,0.941817795239884,0.34176488323731,0.007910837573426,-1
0.188955015032545,0.017172540910717,0.766027445694415,0.919073177464621,1
0.686775433365315,0.829055908778801,0.342803701519393,0.410704795653201,-1
0.18351115573727,0.626590974955276,0.618806404154405,0.732365747785734,-1
0.368484596490336,0.538746515157219,0.453021162091896,0.151105278860338,-1
0.62561856072969,0.650507635380061,0.010162602627914,0.815233276687081,1
0.780227435151377,0.726629532306514,0.599081167470487,0.909602531861235,1
0.081125768865785,0.094488563920578,0.601568348358472,0.777942461183173,1
0.92938597096873,0.87757393430766,0.649417450961366,0.757123136425643,-1
0.775712678608402,0.014362143945986,0.342720632582221,0.405197523540783,1
0.486791632403172,0.294302626846237,0.493299255574885,0.701901080171244,1
0.435858588580919,0.17991487850424,0.70177394525353,0.565460937121375,1
0.446783749429806,0.92629426819795,0.88780260142949,0.584736351923449,-1
0.306349472016557,0.068180436827035,0.055057846156185,0.344914599267407,1
0.508508655381127,0.581093227578491,0.09836195054573,0.704233239500645,1
0.51077156417211,0.637151222525225,0.649782785472762,0.16086367902273,-1
0.817627708322262,0.651269264764942,0.764070891236327,0.001513933366758,1
0.794831416883453,0.864622012533553,0.98795894159784,0.562000852140945,-1
0.644318130193692,0.055952529407021,0.125324791415593,0.546484124944015,1
0.378609382660268,0.81685517377385,0.3644771752026,0.550827761821269,-1
0.811580458282477,0.528922466328429,0.676230090282253,0.69453676079433,1
0.532825588799455,0.694350560622442,0.375758171217492,0.927494092054399,-1
0.350727103576883,0.212404896281834,0.863458491467109,0.944210308868036,1
0.939001561999887,0.543279946249851,0.291976750986029,0.903263329325526,1
0.875942811492984,0.702520272153464,0.133474990584297,0.604106286391469,1
0.550156342898422,0.956434557260469,0.672650514427429,0.926209756983518,-1
0.622475086001227,0.444542162873471,0.202584980871927,0.116946258411827,1
0.587044704531417,0.085397830812645,0.868515198201092,0.340801507895534,1
0.207742292733028,0.057340147541257,0.751157321899609,0.036730443583599,1
0.301246330279491,0.629450486099479,0.419379649992969,0.538369850492198,-1
0.470923348517591,0.796179066498458,0.000231065199417,0.737228801225072,-1
0.230488160211558,0.691191332858143,0.149463732367703,0.181222502654283,-1
0.844308792695389,0.345307862215166,0.273834301544268,0.426246661556396,1
0.194764289567049,0.946816667161595,0.87242501896288,0.098167957028884,-1
0.225921780972399,0.520190318211477,0.601251143911812,0.303221566678817,-1
0.170708047147859,0.953813025197927,0.321188452831265,0.780122611965039,-1
0.227664297816554,0.0735956358082,0.284293074456312,0.536960416719289,1
0.435698684103899,0.207031948073074,0.435315805784207,0.769071432974493,1
0.311102286650413,0.775027813981967,0.903759051181981,0.638943645628397,-1
0.923379642103244,0.914187821243774,0.925105644987009,0.893148245658072,-1
0.430207391329584,0.7825506477103,0.505292452205831,0.060690387433386,-1
0.184816320124136,0.295534196164876,0.62758180927003,0.175771545768642,1
0.904880968679893,0.151845722314485,0.71926392682241,0.416331859021737,1
0.979748378356085,0.847910522313782,0.023912881359655,0.739791840981316,1
0.438869973126103,0.78485459109315,0.5749325019969,0.892954792490445,-1
0.111119223440599,0.270831502151317,0.046534464064038,0.025853306589013,-1
0.258064695912067,0.227810704816134,0.422531388268483,0.137563028376576,1
0.408719846112552,0.321023217088951,0.467734261291993,0.424087432629228,1
0.594896074008614,0.829561804399167,0.022627986755907,0.764566781879008,-1
0.262211747780845,0.822182194600976,0.065074042464646,0.524437187651802,-1
0.602843089382083,0.570682850481878,0.923956335725144,0.754481358949251,1
0.711215780433683,0.571829636228848,0.53414286394427,0.169798443378302,1
0.22174673401724,0.28601827249938,0.366796468997375,0.672727005911346,1
0.117417650855806,0.699133559301209,0.363946179540744,0.618652742745988,-1
0.296675873218327,0.796257943281577,0.151373665826451,0.006846089460969,-1
0.318778301925882,0.441589056151223,0.149608598632666,0.740225524137642,1
0.424166759713807,0.446215611691222,0.350802091637144,0.991735477952075,1
0.507858284661118,0.465662408365111,0.335966095668561,0.128181357237449,1
0.085515797090044,0.279039187274615,0.784027846268716,0.360582760275341,1
0.262482234698333,0.675375318416595,0.486739211626018,0.191073265372555,-1
0.801014622769739,0.90366452636354,0.464798012873766,0.714397660814069,-1
0.029220277562146,0.908525898848375,0.13125255159679,0.177867011268348,-1
0.928854139478045,0.747196944130713,0.886391470888295,0.986848749985563,1
0.730330862855453,0.260511507083546,0.674557425628767,0.016999129901604,1
0.488608973803579,0.689637840074109,0.835159638023036,0.039796469569639,-1
0.578525061023439,0.131830665475512,0.656487934875432,0.804330531934784,1
0.237283579771521,0.123500832319801,0.983916976496475,0.859792285576099,1
0.458848828179931,0.190902853244491,0.979789871891285,0.566252527997595,1
0.963088539286913,0.145732099496291,0.250153013597979,0.754112680957328,1
0.546805718738968,0.585043615268716,0.62457070354219,0.51951476638776,1
0.521135830804001,0.073361690080467,0.728242423153538,0.585904472449875,1
0.231594386708524,0.822326222185306,0.498170315267308,0.190733026170859,-1
0.488897743920167,0.722902973268465,0.849828294959274,0.503441463478443,-1
0.62406008817369,0.925858038017486,0.190918203621887,0.050914632655994,-1
0.679135540865748,0.492638598461781,0.124143787222168,0.05609574317705,1
0.395515215668593,0.654882898449669,0.002790421329112,0.335197399918532,-1
0.367436648544477,0.890123477961687,0.152952789981843,0.630904756752298,-1
0.987982003161633,0.538525574469021,0.534160824643418,0.891977815013119,1
0.037738866239552,0.282205164558222,0.510633605136478,0.673396626434058,1
0.885168008202475,0.975957517879964,0.38521587987977,0.685267040499651,-1
0.913286827639239,0.03642551552548,0.310596453716413,0.695744793197217,1
0.796183873585212,0.326244573060312,0.00355544745321,0.799831433153626,1
0.098712278655574,0.97301362389282,0.815242445313671,0.660605167199519,-1
0.261871183870716,0.365032625305747,0.638418458166358,0.519936595351645,1
0.335356839962797,0.309149618895917,0.448339380701919,0.331736410800664,1
0.679727951377338,0.120912384580628,0.244085770261907,0.934172712819677,1
0.13655313735537,0.91576570404079,0.803385085996905,0.246476948149498,-1
0.72122749858174,0.135478205681502,0.823970887228072,0.511206371142388,1
0.106761861607241,0.332117891828341,0.852190649398636,0.740317886475583,1
0.65375734866856,0.897479892399884,0.467251755433503,0.254168532971016,-1
0.49417393663927,0.499648777847273,0.97069897317612,0.84558475858476,1
0.779051723231275,0.615288242215057,0.841244015022289,0.538154421989849,1
0.715037078400694,0.583132968088648,0.078548206354513,0.910136134062759,1
0.903720560556316,0.698253926627414,0.237598887672087,0.35070641014647,1
0.890922504330789,0.029332342754362,0.817570881268703,0.935324882715596,1
0.334163052737496,0.527882687738647,0.405828714806259,0.927719459132508,1
0.698745832334794,0.032072846419985,0.466312220637624,0.587700360395952,1
0.197809826685929,0.827142322836315,0.951536218081585,0.101762134380532,-1
0.030540946304637,0.339986206482169,0.965005305843558,0.36687593972201,1
0.744074260367462,0.84671095888053,0.765284866775821,0.275845534967993,-1
0.500022435590201,0.246069567106098,0.574533590173997,0.266097501342967,1
0.47992214114606,0.581491252368133,0.915925025450221,0.226538649427265,-1
0.904722238067363,0.937676879074775,0.49543240879036,0.001320780073312,-1
0.609866648422558,0.047787292385066,0.166012377080293,0.893007371636192,1
0.617666389588455,0.053977659170239,0.325997669971674,0.453497507245686,1
0.859442305646212,0.020618034119991,0.296436106009726,0.578421005504199,1
0.805489424529686,0.681478514196212,0.558298491530906,0.315605538850825,1
0.576721515614685,0.598628526633235,0.06747680305109,0.994016875066189,1
0.182922469414914,0.114030034515656,0.068977846210858,0.983892883553004,1
0.239932010568717,0.796245350725845,0.166784582313363,0.964547891083534,-1
0.886511933076101,0.617850587139279,0.947438262628722,0.666265239052169,1
0.028674152464106,0.070213523986958,0.811088417621082,0.726158176374528,1
0.489901388512224,0.069278972568001,0.710455692980488,0.334042554571979,1
0.167927145682257,0.13600738862009,0.970245561677518,0.522772766352871,1
0.978680649641159,0.788891319657009,0.998426789341871,0.273354365608348,-1
0.712694471678914,0.09239845792383,0.987454806749042,0.718379028435567,1
0.500471624154843,0.237868792007306,0.150086578018891,0.778017556357603,1
0.471088374541939,0.243647912616785,0.958478804453122,0.081064219529049,1
0.059618867579639,0.104822212658895,0.53045904923442,0.221580140407825,1
0.681971904149063,0.858352760228758,0.074086517389916,0.203959494037159,-1
0.042431137500742,0.698199766179566,0.311820903915726,0.624099305895655,-1
0.071445464600642,0.733742133263281,0.895170779995606,0.725205115537093,-1
0.521649842464284,0.650530624454913,0.834768311582722,0.834364187698236,-1
0.096730025780867,0.516270565774129,0.002348755679749,0.01889538192665,-1
0.818148553859625,0.326388135088882,0.64020984616491,0.202117631572217,1
0.817547092079286,0.661776196778501,0.803182575087435,0.469092961868098,1
0.722439592366842,0.117565484621756,0.245130755184197,0.378395181508715,1
0.149865442477967,0.147817414181606,0.064122231765893,0.340393733719399,1
0.659605252908307,0.019764663728817,0.263148319353776,0.063851184823046,1
0.518594942510538,0.964291730299559,0.102720361262892,0.761335934073557,-1
0.972974554763863,0.970372902013312,0.483719024833911,0.402662085784262,-1
0.648991492712356,0.12386050714682,0.41888446265122,0.674289716276666,1
0.800330575352401,0.46741002677446,0.381289008027337,0.551075659074815,1
0.453797708726919,0.656694003304474,0.886765115012407,0.051457166568635,-1
0.432391503783462,0.290185566632867,0.420557514837392,0.30749593756604,1
0.825313795402046,0.754536639716295,0.283847869017151,0.965444766947439,1
0.083469814858914,0.558118051358972,0.048181144010703,0.931475149923169,1
0.133171007607162,0.427792595548456,0.219165982554382,0.378026726540899,1
0.173388613119006,0.2671940572742,0.23917601408698,0.617670191946775,1
0.390937802323736,0.753736074133061,0.02925848703723,0.56253339120956,-1
0.83137974283907,0.898376325005631,0.702310918358637,0.830560709643071,-1
0.80336439160244,0.728444033957786,0.007635554772396,0.957698738551541,1
0.060471179169894,0.406830134654488,0.610920680279354,0.075505653290734,-1
0.399257770613576,0.938315840253697,0.408089537451172,0.888024396725501,-1
0.526875830508296,0.255427454937803,0.248946674813356,0.562447291599302,1
0.416799467930787,0.533163240608823,0.652459724145901,0.194355125458527,-1
0.656859890973707,0.95475487037637,0.320277088369962,0.221452790874618,-1
0.627973359190104,0.267747536440096,0.103672124495835,0.705763049479018,1
0.291984079961715,0.250084620589589,0.535564894512648,0.596761435885847,1
0.43165117024872,0.927672720239348,0.164870242477034,0.586296073113408,-1
0.015487125636019,0.068582348555456,0.883438702353724,0.968494148140419,1
0.984063724379154,0.299400386560865,0.666457012048093,0.58174342527109,1
0.167168409914656,0.591583534156367,0.847742491914359,0.099800291277453,-1
0.106216344928664,0.203299145356336,0.762661063721127,0.166602821775987,1
0.372409740055537,0.635883198886887,0.807013774619851,0.102093794787091,-1
0.198118402542975,0.798370257830259,0.632952443655251,0.146247104764678,-1
0.489687638016024,0.501701052364218,0.710427307863708,0.671564766879643,1
0.339493413390758,0.650812135949142,0.688663539117781,0.63985318181102,-1
0.951630464777727,0.795954985556127,0.320947861137131,0.372435451684637,1
0.920332039836564,0.233373768071567,0.531648494500774,0.162872966132474,1
0.052676997680793,0.600838938434792,0.873193957609839,0.389518808304106,-1
0.737858095516997,0.112462378383286,0.054539673909797,0.799976566417261,1
0.269119426398556,0.515765653195914,0.500400775515181,0.399793699859006,-1
0.422835615008808,0.837840690870234,0.432763214528361,0.755119084952242,-1
0.547870901214845,0.920790107998705,0.904282491633212,0.295210411660445,-1
0.942736984276934,0.498227929455356,0.630183351426678,0.640005910590266,1
0.417744104316662,0.277611122264388,0.983036222076956,0.885117154387046,1
0.983052466469856,0.652519960748294,0.585200339522547,0.209643322721594,1
0.301454948712065,0.917298803800668,0.840636517595249,0.480356487911089,-1
0.701098755900926,0.509839453514735,0.468813780579663,0.112987559416233,1
0.666338851584426,0.974191483802598,0.545222329693841,0.132369640030042,-1
0.539126465042857,0.197278942097314,0.17910412094158,0.064002257346161,1
0.698105520180308,0.111184983788934,0.634461696770441,0.079297395460323,1
0.666527913402587,0.297354293368622,0.96295877536838,0.626954163968362,1
0.178132454400338,0.396418535561727,0.534013751451731,0.411333966195378,1
0.128014399720173,0.420755683348492,0.479614252288398,0.63858968599787,1
0.999080394761361,0.311475357650453,0.793666083025936,0.856556962747254,1
0.171121066356432,0.693843170932226,0.092713718864295,0.76357503291757,-1
0.032600820530528,0.0918718332715,0.880799542861342,0.976160296189226,1
0.56119979270966,0.402088619037046,0.003873535513487,0.781537245089357,1
0.88186650045181,0.295180804029962,0.511529092199426,0.935583203546324,1
0.669175304534394,0.306496779026379,0.678463634320796,0.739152167184324,1
0.190433267179954,0.105561130735275,0.565747646843948,0.253619767514479,1
0.368916546063895,0.593827604564268,0.478458646745197,0.719250284659865,-1
0.460725937260412,0.282727516244758,0.320512844148039,0.693512615600087,1
0.98163795097075,0.1552216209395,0.601579798458235,0.773318950848084,1
0.156404952226563,0.000658667586112,0.913152742372502,0.747217085683957,1
0.855522805845911,0.283595417078381,0.68251781671711,0.318383666829911,1
0.644764536870088,0.5508108749796,0.946733471115376,0.51043095721181,1
0.376272210278832,0.870902191503684,0.099089008637665,0.773066476433341,-1
0.190923695236303,0.042253425332493,0.511028924158354,0.572815526042185,1
0.428252992979386,0.904721981466327,0.11012834018281,0.953850335084432,-1
0.482022061031856,0.130974086365166,0.545261877330557,0.171572304395605,1
0.120611613297162,0.833728948123066,0.688785898972834,0.90723509510185,-1
0.589507484695059,0.800468374899062,0.147416988338171,0.752219422620808,-1
0.226187679752676,0.917880091998639,0.77756103760802,0.286175231686453,-1
0.384619124369411,0.137303658445877,0.39905123310678,0.627410342635826,1
0.582986382747674,0.504732317557449,0.898299948178677,0.46282792316263,1
0.251806122472313,0.404958480117297,0.30704387392557,0.129439245288947,-1
0.290440664276979,0.173572161534717,0.061051146235719,0.549384662580998,1
0.617090884393223,0.575183612467853,0.219471144449904,0.96950932318167,1
0.265280909810029,0.606217932572783,0.082832937032406,0.44214048973971,-1
0.824376266688835,0.214445740415978,0.950395335131906,0.590963929826328,1
0.98266339972195,0.519932255056438,0.016370660856685,0.110970247102797,1
0.730248792267598,0.989185809639387,0.114668433182841,0.199852291472223,-1
0.343877004114983,0.489915162413395,0.012409945969497,0.16296410308384,-1
0.584069333278452,0.694873211187083,0.216227329276232,0.036877427297641,-1
0.107769015243743,0.411421827387765,0.011427528814081,0.272724663967449,-1
0.906308150649733,0.034776740099747,0.64244926558009,0.230133589900284,1
0.879653724481905,0.292831555968535,0.516990939531608,0.358544688773658,1
0.817760559370642,0.801441737777535,0.245542144387298,0.134342698970895,-1
0.260727999055465,0.346501990563077,0.193747340053374,0.998594597293282,1
0.594356250664331,0.083315944823872,0.090870578148021,0.51352085473234,1
0.022512592740232,0.51110637094286,0.368441665384023,0.38784630473503,-1
0.425259320214135,0.366833407852287,0.007792910637474,0.249852757945931,1
0.312718886820616,0.739479504887487,0.602701319215812,0.364752426466412,-1
0.16148474431175,0.524740163941995,0.478854744051061,0.399057541172143,-1
0.178766186752368,0.804520877458731,0.308117688829788,0.926300759649667,-1
0.422885689100085,0.816911179049531,0.744444447627629,0.495472930639889,-1
0.094229338887735,0.189471481685439,0.839349277568775,0.609187004749775,1
0.598523668756741,0.123693456864363,0.262431920229879,0.004808463556912,1
0.470924256358334,0.820996478991022,0.514238061322073,0.587728764344903,-1
0.695949313301608,0.637897620011436,0.4467741275926,0.77746242251411,1
0.699887849928292,0.016119801882215,0.341211145567738,0.657183183790527,1
0.638530758271838,0.895954627639733,0.839141805139886,0.528314693572702,-1
0.033603836066429,0.515375057119979,0.982492501505978,0.825773161442162,-1
0.068806099118051,0.544521938346247,0.626464501073332,0.962433769377391,1
0.319599735180496,0.606442208248527,0.181275170605328,0.313736456711858,-1
0.530864280694127,0.760436217840179,0.123017016857453,0.797085057474744,-1
0.654445707757066,0.8553468718769,0.579968709639967,0.285175798017812,-1
0.407619197041153,0.382868448331762,0.328535803427897,0.014894875530556,1
0.819981222781941,0.084649188617225,0.26818637266786,0.094149754391039,1
0.718358943205884,0.733873298781272,0.550239103808507,0.328723020879438,-1
0.968649330231094,0.331989332624431,0.180516896172902,0.305566322109223,1
0.531333906565674,0.839749534874645,0.678491869414882,0.018022133055089,-1
0.32514568182056,0.371723308016557,0.05568849025682,0.162207408733534,1
0.105629203329022,0.828215270033629,0.034057184481215,0.443989463403324,-1
0.610958658746201,0.17651862896156,0.286518454768013,0.766770029537118,1
0.778802241824093,0.129519861034667,0.077390047032926,0.6812559351515,1
0.423452918962738,0.879883582417879,0.900572290255528,0.714536728018305,-1
0.090823285787439,0.044079128467697,0.846605947069211,0.459780878009065,1
0.266471490779072,0.686720018480803,0.395698472582128,0.919268407378886,-1
0.153656717591307,0.733772904933592,0.169215265314684,0.9889434196639,-1
0.281005302533871,0.437172437244658,0.43045231333246,0.932601115420277,1
0.440085139001721,0.379838916907628,0.41621813688281,0.461523347376351,1
0.527142741760652,0.979657439846574,0.728763483255897,0.904922169553713,-1
0.457424365687674,0.398993422611629,0.406473678914791,0.386451653685206,1
0.875371598604185,0.440186914269368,0.95180745705255,0.603016552280489,1
0.518052108361104,0.156807887544396,0.911985020914832,0.560319008710356,1
0.943622624548388,0.326034284066419,0.95141431651076,0.845839755610487,1
0.637709098072174,0.314061928673465,0.346001202788865,0.284804954762948,1
0.957693939841583,0.894500663904255,0.290244208783556,0.663318497680869,-1
0.24070703548016,0.24702417926404,0.886700762839575,0.602258176526865,1
0.676122303863752,0.310679015912649,0.210030796707028,0.656462946712791,1
0.289064571674477,0.408868908042171,0.130876547760118,0.309934086607524,1
0.671808165414215,0.708010894064053,0.520515887325233,0.331643807037803,-1
0.695140499551737,0.143637595059492,0.905462749730804,0.18819732885014,1
0.067992768470011,0.871322066573022,0.402530235597016,0.100683407202839,-1
0.254790156597005,0.08315589675346,0.215761252172513,0.286563954039492,1
0.224040030824219,0.461737838368131,0.078739483246635,0.354826221665979,-1
0.667832727013717,0.030389023661151,0.933059861765135,0.535761698075949,1
0.844392156527205,0.753200532708854,0.602871560972297,0.990832978041241,1
0.344462411301042,0.700042669529619,0.377492173215029,0.028178082915379,-1
0.780519652731358,0.214512246163991,0.664931441200008,0.709532015618129,1
0.675332065747,0.679904685523419,0.792190264444163,0.905157017594289,1
0.006715314318477,0.557292680689929,0.333492129876999,0.865829381113203,-1
0.602170487581795,0.850678902590103,0.6926588643338,0.119169322975101,-1
0.386771194520985,0.558565491802886,0.203815677165533,0.955275201170228,1
0.915991244131425,0.901773664047563,0.958713595889891,0.440900790942236,-1
0.001151057129107,0.419517704013185,0.711832456405164,0.87576021747857,1
0.462449159242329,0.358128352789036,0.166906592124375,0.864951642952837,1
0.424349039815375,0.488987517379486,0.442777173122209,0.355150575228126,1
0.460916366028964,0.255962141002191,0.632993568362347,0.631146447463298,1
0.770159728608609,0.929169268992396,0.929967171592209,0.864549250021238,-1
0.322471807186779,0.466756814210436,0.529330969397888,0.02099173451004,-1
0.784739294760742,0.254007850556945,0.626474423948033,0.076820254982981,1
0.471357153710612,0.431218447278074,0.680818922727965,0.376714427294387,1
0.035762733269118,0.702530011252343,0.923197523158096,0.149193663545822,-1
0.175874415683531,0.402329867986601,0.152834142252458,0.034096895707185,-1
0.721758033391102,0.181840078665688,0.405720793714528,0.782249707503029,1
0.47348599296532,0.856251116146682,0.312475998842778,0.327245076240868,-1
0.152721200438232,0.584201224536599,0.693898958369993,0.817476329698851,-1
0.341124607049109,0.373578782679898,0.890687873398548,0.173619050225113,1
0.607389213768347,0.221694546768398,0.4906709662866,0.676117732631756,1
0.191745255461798,0.218994117711834,0.805823509416861,0.875600480808911,1
0.738426839976942,0.5222324430255,0.326438909311377,0.757155472370129,1
0.242849598318169,0.433422713487762,0.549879145125724,0.229625714585824,-1
0.917424342049382,0.741303988298553,0.388784334890571,0.358943619285115,1
0.269061586686018,0.070449632328411,0.896829007264381,0.363164094081499,1
0.765500016621438,0.847333436397182,0.676120081005331,0.267443111282436,-1
0.188661976791491,0.679880234557907,0.828396948330795,0.337302762280291,-1
0.287498173066131,0.13665152189858,0.110088847733172,0.086960648901506,1
0.091113463686535,0.858402188578687,0.279227334556401,0.451559652004615,-1
0.576209380663007,0.199834124667075,0.767636165697467,0.454664027740148,1
0.683363243294653,0.607339921764212,0.216056596066409,0.029035509723544,1
0.546593114590323,0.543044983654388,0.034062128171775,0.637101872656819,1
0.425728841871188,0.162324692032503,0.436551897742306,0.059458786974538,1
0.644442781431336,0.005653068126846,0.936863710408633,0.169196114038212,1
0.647617630172684,0.771485147165409,0.262088962808782,0.684679742407259,-1
0.679016754093202,0.76478755625534,0.569745499842289,0.554567312566934,-1
0.635786710514084,0.421069352361882,0.359553044905957,0.006035833656668,1
0.945174113109401,0.056813180973632,0.026838628962256,0.288085152626356,1
0.208934922426023,0.585746995234228,0.500419192257721,0.376611564759353,-1
0.709281702710545,0.174155244434031,0.827014907580009,0.146493033365658,1
0.236230576993797,0.72861066056631,0.258982420521299,0.074533615471083,-1
0.119396247797306,0.534291049941029,0.045885006637271,0.460742876227146,-1
0.607303940685635,0.253064287751413,0.246471604097961,0.370394379387662,1
0.450137696965896,0.917056748285585,0.660732144629048,0.824557518411133,-1
0.458725493648868,0.758194529715416,0.329409691116965,0.537535656063027,-1
0.661944751905652,0.887030732228013,0.659496247567225,0.817516082947517,-1
0.77028551480366,0.068798171103717,0.013004124267228,0.460380826593087,1
0.350218013441105,0.18352819552784,0.718067856677326,0.014033814382211,1
0.662009598359135,0.737072654586589,0.391118812134764,0.00498320514325,-1
0.416158589969796,0.696714852649722,0.033505259662504,0.166226783877916,-1
0.841929152691309,0.776992905706029,0.406015402500669,0.365938838897355,-1
0.832916819075216,0.501903419153744,0.716307636801179,0.718210476449713,1
0.256440992229147,0.425496828002627,0.921336414781853,0.159423636777771,-1
0.613460736812875,0.611237130774301,0.984015743254487,0.278771470720201,-1
0.582249164527227,0.855771891361736,0.983420872823396,0.644938447686513,-1
0.54073933712441,0.670797108980223,0.896306092986061,0.287204149170803,-1
0.869941032358007,0.523592044711161,0.865703209612899,0.321930892683723,1
0.26477902647563,0.298815410107022,0.800960972217418,0.155416794977341,1
0.318074075481059,0.703969078651195,0.554978851487549,0.387663140685647,-1
0.119214541054191,0.381610875988882,0.418872147516562,0.895733134019957,1
0.939829470344921,0.567684997801487,0.127122506592021,0.88776686793174,1
0.645551874972524,0.887860955311228,0.654620743083901,0.393613327737208,-1
0.479463224948888,0.842949288995289,0.863964912060124,0.675457742148991,-1
0.639316961040108,0.89879855583219,0.274598434868982,0.252214194594822,-1
0.544716110526763,0.939003091446555,0.840163937389387,0.949987708485075,-1
0.647311480293128,0.815435155938747,0.070755244269348,0.624682173299944,-1
0.543885933999639,0.001357828786031,0.378792075061979,0.206947941462873,1
0.721046620579811,0.003090697557465,0.26816943383197,0.109655161101898,1
0.522495305777102,0.087468816318751,0.152921178784748,0.565849610384352,1
0.993704624120852,0.26072735120432,0.63099957992261,0.274333396208018,1
0.218676632399634,0.022798670640933,0.316374816239219,0.071165260084684,1
0.105798273250228,0.424084818805879,0.959111852529902,0.158449300200466,-1
0.109697464523194,0.341064968909229,0.498673989242012,0.049520296195503,-1
0.063591370975106,0.541353933307704,0.73860851672542,0.680883747990123,-1
0.404579995857626,0.926169082583073,0.012755668892272,0.781755812401584,-1
0.448372912066495,0.29849944705924,0.605353188516464,0.80736519625422,1
0.365816176838171,0.338084793851282,0.576451321456248,0.265053593193212,1
0.763504640848813,0.85948010720679,0.807378820903335,0.895899397129799,-1
0.627896379614169,0.340478310765433,0.654968061518584,0.607986088024156,1
0.771980385554245,0.138120403050086,0.878228395135494,0.014400838638861,1
0.93285357027882,0.507798955352603,0.902372925442161,0.344028748760077,1
0.972740854003014,0.85665647689169,0.152232856672578,0.533664735315603,-1
0.192028349427775,0.384313617882614,0.192580086806526,0.627762577051544,1
0.138874202829155,0.695690926828769,0.790975648641478,0.446737300620639,-1
0.696266337082995,0.627904177790549,0.060705104223965,0.81110564384679,1
0.093820026774866,0.450388154351925,0.389827192453456,0.144827989332741,-1
0.525404403859336,0.473617942098884,0.299965854261437,0.974829375111397,1
0.530344218392863,0.949706353503532,0.734179906575914,0.833760065956362,-1
0.861139811393332,0.083497561789331,0.104209253757311,0.340101160883444,1
0.484853333552102,0.279828920000213,0.792575487554153,0.616239065867128,1
0.393456361215266,0.447007309334704,0.782728942751883,0.303756168655075,1
0.671431139674026,0.587571263995313,0.532397693218747,0.089218767476618,1
0.741257943454206,0.877634138414522,0.253352341821251,0.521525804911955,-1
0.520052467390387,0.469100520229019,0.070954585011654,0.825291532919773,1
0.347712671277525,0.437418475701721,0.62580333117104,0.763926622410418,1
0.149997253831683,0.746184939974845,0.024681470128999,0.947639307901116,-1
0.586092067231462,0.467910465807746,0.062042492509529,0.333547273199825,1
0.262145317727807,0.860827351057875,0.129611982278315,0.38973838244907,-1
0.044454092278238,0.466512012381487,0.450614072287436,0.150412879875541,-1
0.754933267231179,0.498104487122709,0.672335843922579,0.333704420658865,1
0.242785357820962,0.487430654415445,0.856110833478116,0.553678828448656,-1
0.442402313001943,0.229468774748017,0.498445424254591,0.5502939448828,1
0.687796085120107,0.085552232409057,0.048784504036128,0.160421044946278,1
0.359228210401861,0.067383313608907,0.313832359872792,0.117089469573958,1
0.736340074301202,0.888390934804578,0.641631167720519,0.398550434016254,-1
0.394707475278763,0.23316768566966,0.786386643614576,0.831383004688908,1
0.683415866967978,0.861595759984367,0.289150493176199,0.185001205373067,-1
0.704047430334266,0.711735093007919,0.497868010687049,0.500785757513212,-1
0.442305413383371,0.872812993042854,0.818434615976952,0.126314479899365,-1
0.019577623553319,0.93800200691963,0.595128292529225,0.864628453057318,-1
0.330857880214071,0.1396892785475,0.5364246089182,0.766645688295246,1
0.424309496833137,0.393900144851003,0.330873140619941,0.564353535554258,1
0.270270423432065,0.980562829715054,0.411690226251413,0.389569371944222,-1
0.197053798095456,0.644794025985376,0.794006240687227,0.490137663316258,-1
0.82172118496131,0.896409779453934,0.343208220509353,0.886904095824422,-1
0.429921409383266,0.482230405436799,0.462606735967318,0.905048281577648,1
0.887770954256354,0.014093075189023,0.367823667799665,0.498388955348408,1
0.391182995461163,0.622880344434795,0.679570619604256,0.529226950242885,-1
0.769114387388296,0.231095363111135,0.567779031870686,0.909700719119941,1
0.396791517013617,0.527433962776634,0.651776846130543,0.578598446989567,1
0.808514095887345,0.724991961357239,0.491113748307781,0.775785103656777,1
0.755077099007084,0.607415791144935,0.398458234911806,0.661394630545105,1
0.377395544835103,0.588366445795251,0.477484208997986,0.46965723894088,-1
0.216018915961394,0.433434840033058,0.066587622951606,0.219767619845275,-1
0.790407217966913,0.244172893507025,0.411028487183606,0.602589738655931,1
0.949303911849797,0.428960353778007,0.969091958454476,0.18425899678177,1
0.327565434075205,0.010177455521777,0.780721030890361,0.197509715511001,1
0.67126437045174,0.60882144904436,0.729017888682995,0.861992146483479,1
0.438644982586956,0.957975188197358,0.765650616008666,0.125649252286031,-1
0.833500595588975,0.095446523549601,0.756580803862821,0.645580255723501,1
0.768854252429615,0.035590563380148,0.843270317045169,0.43731821030233,1
0.167253545494722,0.886235111325751,0.770156849951834,0.612605067498194,-1
0.861980478702072,0.246941365057497,0.978660928731569,0.737482414756424,1
0.989872153631504,0.008915056253337,0.111359442553858,0.303279447163244,1
0.514423456505704,0.814920271448039,0.396076941209457,0.042967713281927,-1
0.884281023126955,0.140499436548767,0.492060650839531,0.83550753064121,1
0.588026055308497,0.879866440284003,0.258094618284834,0.36930817955419,-1
0.154752348656045,0.095376786090525,0.036966221308676,0.661339306433348,1
0.199862822857452,0.35256010124864,0.974381323033703,0.895719918011541,1
0.406954837138907,0.593420567787491,0.72642597902203,0.274099065906944,-1
0.748705718215691,0.585181638478593,0.14796483038576,0.997898477049783,1
0.825583815786156,0.667681764184503,0.147894557371599,0.83435338138818,1
0.789963029944531,0.648027115055705,0.704824099106688,0.791343687458312,1
0.318524245398992,0.433369067338592,0.380993522402518,0.656612708164405,1
0.534064127370726,0.139758759099258,0.076411444165903,0.543673019266521,1
0.089950678770581,0.751929507975084,0.410840343032633,0.386681329635985,-1
0.111705744193203,0.241786793587219,0.142990554089145,0.822232087530085,1
0.136292548938299,0.650459322478062,0.798920120530614,0.595334513926938,-1
0.678652304800188,0.857374060834467,0.930248163138044,0.781641320694625,-1
0.495177019089661,0.084370471045149,0.00471947787681,0.987674556243708,1
0.18971040601758,0.972089161712842,0.650040581422713,0.788253800442339,-1
0.495005824990221,0.031459935559116,0.67853246105249,0.85292088665501,1
0.147608221976689,0.835404550444859,0.253622841789289,0.485612829189145,-1
0.054974146906188,0.835713348170861,0.843180912870887,0.873756072506857,-1
0.850712674289007,0.049857501345593,0.293958774213842,0.33384708318725,1
0.560559527354885,0.54588620889083,0.026860384152606,0.205316778886351,1
0.929608866756663,0.943169839655479,0.093307162896797,0.494357067828648,-1
0.696667200555228,0.321473069869989,0.797884972292497,0.031208959656684,1
0.58279096517584,0.806466803793334,0.711402626220883,0.827574414768107,-1
0.815397211477421,0.601398755252809,0.783406783842256,0.264257437743154,1
0.879013904597178,0.789620465123038,0.623922644020696,0.677499332357288,-1
0.988911616079589,0.799185035044316,0.825415460073693,0.7938643359396,1
0.000522375356945,0.049564765578211,0.035022585088912,0.681843864737366,1
0.865438591013025,0.283198633840946,0.405474972293269,0.650759237451362,1
0.612566469483999,0.653456823979965,0.249668755283506,0.237341728511186,-1
0.989950205708831,0.489655345328471,0.480896841642134,0.477403479181025,1
0.527680069338442,0.972852237010803,0.880839127459738,0.936419265220215,-1
0.479523385210219,0.748489909977082,0.280684817595266,0.241103511012773,-1
0.801347605521952,0.567841149738807,0.599142509308593,0.20911387941948,1
0.227842935706042,0.298964163457197,0.02622613864761,0.272472027662029,1
0.49809429119639,0.256109781061838,0.155198666268626,0.775817420377806,1
0.900852488532005,0.886563794411547,0.833910870716356,0.331411414741901,-1
0.574661219130188,0.446800862782801,0.194893367249896,0.603074701436595,1
0.845178185054037,0.815987253296207,0.829788035104075,0.184014863849,-1
0.738640291995402,0.098337301744638,0.338074859029462,0.087458850223927,1
0.585987035826476,0.859593453475272,0.67111654953098,0.30891538156382,-1
0.246734525985975,0.027629008161175,0.052366319062739,0.230878404239435,1
0.666416217319468,0.899156434256364,0.734309066385156,0.90918705194888,-1
0.083482813602623,0.899935500526176,0.499481777820457,0.93688434585519,-1
0.625959785171583,0.524106009617363,0.943299937460375,0.031878840744387,1
0.660944557947342,0.120199512647135,0.289772416367565,0.5936470432608,1
0.729751855317221,0.177794091822279,0.376560426992884,0.04381752185334,1
0.890752116325322,0.706107594508614,0.113755361650924,0.424902843333343,1
0.982303222883606,0.831359756387049,0.964850707268855,0.521581278940114,-1
0.769029085335896,0.034833820567729,0.43251156721242,0.840339421490275,1
0.581446487875398,0.757838710385933,0.084563200993133,0.625029679129942,-1
0.928313062314188,0.957112178001164,0.716676412592981,0.255204680450144,-1
0.580090365758442,0.342870514996848,0.506787379534883,0.904691235804131,1
0.016982938337261,0.638243709424706,0.328087741248748,0.767300602484737,-1
0.120859571098558,0.343005811970325,0.753524141094147,0.562665501616448,1
0.86271071869967,0.216471396182541,0.836005824603354,0.897153533637285,1
0.484296511212102,0.786200627030544,0.253716352276902,0.368079409452616,-1
0.844855674576263,0.723089959545472,0.53442501679032,0.337731006946369,1
0.209405084020935,0.278838904787457,0.435165232964158,0.618855356023971,1
0.552291341538775,0.58243142870448,0.157704145695579,0.086895439945126,-1
0.629883385064421,0.42100578136828,0.600481203671839,0.375497531631136,1
0.031991015762567,0.092068706754368,0.937450760032403,0.18738106742477,1
0.614713419117141,0.024027325006749,0.107758578775102,0.810526689988458,1
0.362411462273053,0.491145804011365,0.899981434728875,0.72324819510584,1
0.049532579042061,0.278267020151879,0.550464991190469,0.674674046120504,1
0.489569989177322,0.339757164151065,0.427356686821267,0.913981417236972,1
0.192510396062075,0.287349609515076,0.152380830362768,0.82096089736944,1
0.123083747545945,0.170903235249478,0.247546002513464,0.548724636499035,1
0.20549417090768,0.399263314281429,0.447368793703639,0.015541594145736,-1
0.14651491061489,0.697649568457898,0.532783437696949,0.09468635744532,-1
0.189072174472614,0.203676437129015,0.354651134298573,0.514758291470818,1
0.042652410911143,0.66632648848951,0.773114812272379,0.952482638232214,-1
0.635197916859882,0.443066089408273,0.881681142450407,0.843061196139862,1
0.28186685588043,0.433295265575696,0.734092093476126,0.935012245967505,1
0.53859667804534,0.175239442394595,0.406432206360085,0.973413085109433,1
0.695163039444332,0.19320231176039,0.604178745602068,0.372526390066493,1
0.499116013482589,0.616421331646761,0.641105051660087,0.320900690746152,-1
0.535801055751113,0.269010607873387,0.127466836015375,0.783247900846885,1
0.445183165296042,0.559677931615908,0.496191996945931,0.21222171433272,-1
0.12393227759807,0.944783991754306,0.310469355507002,0.959152205838633,-1
0.490357293468018,0.714471635748948,0.57857446388477,0.930232869221638,-1
0.852998155340816,0.679219655394007,0.943608937038841,0.365729487415287,1
0.873927405861733,0.959380581307086,0.42693960927636,0.344912389725989,-1
0.270294332292698,0.775334311958986,0.033128441170089,0.692681628396483,-1
0.208461358751314,0.607726966322105,0.929433878785966,0.716603864448832,-1
0.564979570738201,0.948002359333351,0.924982251332918,0.80034349643769,-1
0.640311825162758,0.059641623585366,0.358306919554313,0.593670477334659,1
0.417028951642886,0.268712345242794,0.259989116322472,0.097175012072025,1
0.205975515532243,0.986680043980283,0.786859645603551,0.559509166370969,-1
0.947933121293169,0.772206732094026,0.511582243380335,0.043089960377736,-1
0.082071207097726,0.475354299957795,0.562527153389906,0.757631721044845,1
0.105709426581721,0.680899555553953,0.684793764143528,0.659647529115392,-1
0.142041121903998,0.416934754931422,0.092396595347692,0.599459320988681,1
0.166460440876421,0.380149202893181,0.872578967039445,0.22699474981533,-1
0.620958643935308,0.213270389075209,0.942937880219704,0.713714360951096,1
0.573709764841198,0.382937989134143,0.096594236601915,0.724502413091687,1
0.05207789028587,0.029667751510104,0.845882505221427,0.344217969775603,1
0.93120138460825,0.472321065084073,0.909395614856024,0.03275082586062,1
0.728661681678271,0.333372686843787,0.011341140559761,0.843615848232873,1
0.73784165379759,0.975844804109989,0.523682703745454,0.770300114624033,-1
0.063404500692818,0.555443538619757,0.650345273658944,0.509646636811985,-1
0.860440563038232,0.846303637783572,0.385145350705933,0.706963278762882,-1
0.934405118961213,0.408063494401911,0.64930204945739,0.791173907397134,1
0.984398312240972,0.462018163773892,0.762853479752345,0.330669018224895,1
0.858938816683866,0.826306720846432,0.575685981383182,0.913675141954088,-1
0.785558989265031,0.991203199868745,0.631919148712233,0.576704962817838,-1
0.513377418587575,0.523947649263609,0.278204003887099,0.287909274145398,1
0.177602460505865,0.925436889631448,0.839836422799811,0.266864860260348,-1
0.398589496735843,0.739021861521925,0.426834956239074,0.890178179046525,-1
0.133931250987971,0.567430056171921,0.631622378349663,0.366101189573211,-1
0.030889548744952,0.968777662942908,0.833466981520768,0.150015387587698,-1
0.939141706069548,0.824499419818922,0.27018546361456,0.946327569769858,1
0.301306064586392,0.959609278997884,0.400800736172277,0.65083531459943,-1
0.295533834475356,0.646346065444023,0.554254592413654,0.982214568873265,-1
0.332936281836175,0.379573485440289,0.44386535683262,0.193833694009784,1
0.467068187028852,0.476574680880329,0.090384122028611,0.828742594901994,1
0.648198406466157,0.911889812500719,0.744381309987074,0.493802089353527,-1
0.025228181493036,0.014853855767873,0.032615449302903,0.590778536105395,1
0.842206612419334,0.156693847233962,0.429742543433021,0.0448905722328,1
0.559032544988695,0.471567876529848,0.037262279474021,0.564458151981422,1
0.854099949273443,0.542991694845257,0.97579775303611,0.633544303156179,1
0.347879194327261,0.059691032385808,0.522339908013089,0.498099762823955,1
0.446026648055103,0.658030305628083,0.909629978597814,0.059623628985277,-1
0.05423948444113,0.889635303379043,0.383247921340015,0.515163184212802,-1
0.177107533789109,0.109632606115212,0.884452236904782,0.05319493901798,1
0.662808061960974,0.437773114218114,0.255017609331153,0.843631920552928,1
0.330828995203305,0.280230089607324,0.909049841942801,0.594672781587329,1
0.8984861378343,0.985246312451203,0.894560444751255,0.691018830555377,-1
0.118155198446711,0.608758707334404,0.398517160990578,0.647226771882314,-1
0.988417928784981,0.253749206918446,0.625020001836008,0.623439835644007,1
0.539982099037929,0.132614726848363,0.567597286185841,0.953858319757518,1
0.706917419322763,0.545004891218423,0.894511885444997,0.176943992133502,1
0.999491620097705,0.827803931470922,0.214165803867894,0.474905196360106,1
0.287849344815137,0.837006271022824,0.003859158860721,0.842403609497674,-1
0.414522538893108,0.833348647034423,0.88058146103171,0.496963455325755,-1
0.464839941625137,0.203715434293916,0.235121635040512,0.762404727340236,1
0.763957078491957,0.544417699248773,0.244864622347078,0.179877258121768,1
0.818204038907671,0.874942721542349,0.640917035139739,0.691622057235644,-1
0.100221540195492,0.121000086169667,0.304524481208468,0.914424854263935,1
0.178116953886766,0.856350768537266,0.825620811888813,0.162657424701267,-1
0.35963491348208,0.899776018962328,0.883688710947261,0.428096119735541,-1
0.056704689068291,0.21786512393647,0.945372957985459,0.041851866238287,-1
0.521885673661279,0.076979084934892,0.39079533840462,0.225746256720798,1
0.335848974676925,0.474215160481872,0.801320064711665,0.666150366031971,1
0.175669029675661,0.835027465734663,0.157113287977468,0.871344882700827,-1
0.208946673993135,0.469393502041835,0.625165396779904,0.344728343726005,-1
0.905153559004464,0.413769939249495,0.698985352759655,0.027251564267111,1
0.675391177336247,0.502746263849999,0.085868933120435,0.905282667459542,1
0.468468199903997,0.125439959999655,0.53117957278844,0.471062246494722,1
0.912132474239623,0.132285325427939,0.888566522140567,0.910464018771302,1
0.104011574779379,0.870475365141086,0.263666008189626,0.327979774810905,-1
0.745546073701717,0.602950181301887,0.23478552530433,0.691103543176427,1
0.736267455596639,0.265301726053799,0.839657227724237,0.017447980793858,1
0.561861425281637,0.864802580056935,0.495540029725937,0.512346849920018,-1
0.184194097515527,0.058109458223976,0.152366366412905,0.33181367758602,1
0.597211350337855,0.457753885102086,0.230768155809496,0.336112447449826,1
0.299936990089789,0.722209644099518,0.657953957084698,0.953345604983632,-1
0.134122932828682,0.33899915159608,0.562948381240076,0.750505410107031,1
0.212601533358843,0.401219856926313,0.291828737648848,0.333924229403516,1
0.894941675440814,0.526979752194827,0.622304984715124,0.632832748728656,1
0.071452812787045,0.894235714464514,0.715905408292378,0.415545708937644,-1
0.242486558936719,0.778360658313311,0.280731034080199,0.576499797766923,-1
0.053754392208714,0.069367602669002,0.412273158549075,0.95950052865169,1
0.441722057064424,0.278784528621045,0.362205713414129,0.615848229131544,1
0.013283200467253,0.379369834686065,0.781392022002529,0.1505778963445,-1
0.897191350973572,0.864672546383037,0.135487151301981,0.838270697505464,-1
0.196658191367632,0.419960369410699,0.90206951454967,0.726165419489224,1
0.093370516755093,0.239877473491883,0.28963608587814,0.108846200368082,1
0.30736689958792,0.597654516413679,0.499557926109802,0.161351540475342,-1
0.456057666843741,0.479404403601992,0.783590388178023,0.297010289521935,1
0.101669393624755,0.898547501835201,0.677062062697606,0.423582438892364,-1
0.995389727655092,0.93470923791381,0.1498117300189,0.528414418289072,-1
0.332092833452499,0.817886833811117,0.696619479617911,0.275097372620348,-1
0.297346815887922,0.708908978901821,0.129013043122745,0.827956080955766,-1
0.062045221319633,0.743220570404508,0.945946287415715,0.792784736413836,-1
0.298243971887764,0.899709782516549,0.886411849242866,0.273747993077394,-1
0.046351264898181,0.065239804839692,0.51500461293742,0.615694400284643,1
0.505428142457703,0.335911171345859,0.679408745931636,0.101550723794203,1
0.761425886690113,0.004335072608798,0.976793357833632,0.669963217389328,1
0.631069999213594,0.828095603149386,0.12546035664003,0.347396597850599,-1
0.089891650776092,0.507435377303176,0.752243051246404,0.669495603356068,-1
0.080862423130314,0.366162436149062,0.827051909456158,0.295302241154495,-1
0.777240536548943,0.22663971764437,0.781430326910244,0.680427967038852,1
0.905134744223571,0.534831709596897,0.190882666758224,0.393773066700295,1
0.533771951767,0.289484866389565,0.428641340603978,0.391818329756063,1
0.109154212042459,0.068370897445204,0.014456747116292,0.206963300889426,1
0.825808857855598,0.084970745566926,0.325285488719696,0.724520306856971,1
0.338097718802172,0.068339468134002,0.13470202862637,0.819305359946909,1
0.293973053026484,0.409816499150502,0.450517462084021,0.926471637376764,1
0.746313427703679,0.123381382309381,0.572274930178577,0.514119991814143,1
0.010336618343396,0.443016592662236,0.792023281983178,0.193143288141933,-1
0.048447339253222,0.8989397369643,0.419736609978054,0.602900907521622,-1
0.667916121573624,0.353639001785661,0.532536544340956,0.198180187967336,1
0.603467983830769,0.120178119552528,0.925704392028016,0.410392575176234,1
0.526102465795561,0.569111025443708,0.899081837742182,0.85307481422537,1
0.729709448223228,0.875032726365492,0.544833398468742,0.429081790557031,-1
0.707253485315422,0.348574977103892,0.901123950170368,0.925658579314925,1
0.781377051799277,0.04192100490877,0.051826708904007,0.373077718311826,1
0.287976975614171,0.142339719388392,0.808602518680107,0.698246369162013,1
0.692531986386519,0.076592834876417,0.334904579377686,0.588625421185045,1
0.556669834964013,0.740526589300887,0.228683117248675,0.100866143550775,-1
0.396520792581593,0.456525127319,0.822401807645737,0.412395000208901,1
0.061590667053965,0.668249315315529,0.348234578993427,0.924708227033502,-1
0.780175531491174,0.699246075603127,0.165470595368233,0.055550473540564,-1
0.337583864052045,0.571357212390758,0.028133568008257,0.384047546003501,-1
0.607865907262946,0.628693341954442,0.955369765277556,0.240640116346963,-1
0.741254049502218,0.877763925090051,0.6802907117056,0.227808606940135,-1
0.1048132419735,0.662351739628039,0.860562114724664,0.357120387132325,-1
0.127888379782995,0.875413611874801,0.939093515352434,0.924102561054751,-1
0.549540107015198,0.467517018838227,0.680193964448052,0.502498346328144,1
0.485229408584959,0.141336028336665,0.917423748447434,0.803237639785716,1
0.890475679184438,0.068134457232588,0.256691670901158,0.350272034640837,1
0.798960278812879,0.714242406919872,0.885618134429019,0.458682510872841,-1
0.73434108369597,0.307986028182987,0.920042790118182,0.951096662625773,1
0.051331886112371,0.671163971711563,0.300063440036683,0.132983376216182,-1
0.072885299098976,0.652420835422264,0.073390946693793,0.070307240994673,-1
0.08852745967472,0.531048838345102,0.767398734960137,0.706081441736291,-1
0.798350864113952,0.715107031762305,0.084952215865014,0.931702775674971,1
0.943008139570703,0.504810623023082,0.728764079592672,0.108900913968859,1
0.683715572408358,0.487999358505228,0.44788964358771,0.651696841769168,1
0.132082955713563,0.497838309030001,0.651248663216932,0.146062140347686,-1
0.722724539656766,0.935975553324428,0.169501870614945,0.693962928564284,-1
0.110353480642349,0.389281682796525,0.53144924135958,0.62561362265368,1
0.117492852151833,0.117145165727576,0.63380085819396,0.043723398869638,1
0.640717922965926,0.240423553971239,0.014096004182692,0.797923826673112,1
0.328814214756803,0.684908494629146,0.470371335231002,0.986210699083828,-1
0.653812022595774,0.839253615059596,0.886325971168106,0.436744819062915,-1
0.749131463103519,0.970144632898035,0.114028435678071,0.344748854345864,-1
0.583185731454876,0.215169612804033,0.442541151650179,0.048806118424022,1
0.740032327987778,0.760343346418237,0.659547888161553,0.225202909375981,-1
0.234826914747904,0.584102849858033,0.294772970267685,0.581012918730146,-1
0.734957541696052,0.402951577571241,0.9503684015149,0.601375338264139,1
0.970598525086614,0.510040337757567,0.694286247565555,0.25251840447237,1
0.866930291751916,0.495644219085048,0.206806527020916,0.654341659587006,1
0.086234529863496,0.651368342531714,0.554762325956739,0.060095595635599,-1
0.366436616319199,0.743706144622944,0.879278484511919,0.940506090100758,-1
0.369198804330018,0.301953469127232,0.557857690719796,0.092530577767428,1
0.685028472661609,0.089611935202124,0.752334060151411,0.333977931176734,1
0.597941635383889,0.825965482484244,0.894900792229508,0.651049642981125,-1
0.789363943641905,0.389587008921693,0.84184417306489,0.503910776363358,1
0.367652918437877,0.775304853268839,0.130856682645948,0.530925140628448,-1
0.206027859505195,0.179369095283976,0.189153933851989,0.379123730790155,1
0.086666547395532,0.109361209717788,0.153639830892556,0.768907412838519,1
0.771933917099107,0.905158338091637,0.0289020656651,0.282511265779884,-1
0.20567452146476,0.876351003922501,0.009084898491814,0.649272738826965,-1
0.388271631047802,0.999792564444752,0.596451741972037,0.922183822379736,-1
0.551778531957227,0.864254686057084,0.609049324383808,0.330671885619597,-1
0.2289532520231,0.036877522283873,0.918923432010552,0.8134391296668,1
0.641940620399187,0.544682442007247,0.733574443373122,0.787635595388448,1
0.48448037239818,0.997616182183573,0.301146952100848,0.124322479444047,-1
0.151845525116267,0.511008154246046,0.49557447903043,0.157387547750491,-1
0.781931966588002,0.873512175935722,0.258163023498381,0.414998271586948,-1
0.100606322362422,0.070221472336539,0.732854363876553,0.687332798473363,1
0.294066333758628,0.987538736827997,0.116760751041515,0.657703905050132,-1
0.237373019705579,0.922713429546706,0.746041563257602,0.679977496766688,-1
0.530872257027928,0.564260919599778,0.809789107094191,0.009386677009247,-1
0.091498731339412,0.431462053674345,0.745233681211662,0.128609573532336,-1
0.405315419880591,0.337844565256492,0.337143314113377,0.763906381329514,1
0.104846247115757,0.720723427847251,0.584324980436338,0.841915497973284,-1
0.112283962156027,0.013655566663335,0.468952104955939,0.746948593323088,1
0.784427890743913,0.374060192775824,0.087265034460069,0.944523465722156,1
0.291570317906931,0.922685220392168,0.828717426160072,0.919714225946387,-1
0.603533438750887,0.546479648029272,0.685944708438845,0.223074290279877,1
0.964422667215901,0.473886869752125,0.267325055095755,0.509767188085986,1
0.432484993970361,0.496537318440195,0.969483564592453,0.787740194021004,1
0.69475219461794,0.308971081219392,0.183774202665835,0.522451914333082,1
0.758099275289454,0.950837558840908,0.299940922944898,0.61739194496612,-1
0.432642326147101,0.98199328087302,0.411184890688863,0.558240701061404,-1
0.655498039803537,0.513563103542578,0.236489187115421,0.730992025590584,1
0.109755050723052,0.992589818472072,0.195055322681085,0.063402116148351,-1
0.933759848385332,0.455843702065251,0.705379279645915,0.49278652681837,1
0.187460806421686,0.426040880892099,0.180548253665843,0.229924038235982,-1
0.266178838907639,0.213214778797911,0.522332917921855,0.337391081769921,1
0.797830260211597,0.193249480429275,0.296171823286006,0.551638107123105,1
0.487603775433924,0.832754245970334,0.462781888284344,0.743685672036025,-1
0.768958264058869,0.726637099604961,0.925232416679281,0.412305545422802,-1
0.396006745217875,0.529745693905775,0.215889142296026,0.507618332638558,1
0.272938794123691,0.82908073749933,0.001008878507012,0.128972372590063,-1
0.037234634070328,0.511874431338254,0.906606243116842,0.214835656563848,-1
0.673294914108653,0.551961846254546,0.680041945628298,0.292829641356233,1
0.429564459251853,0.213284894015896,0.514951805346954,0.449965831563606,1
0.451739234904736,0.58782062632273,0.522068881119071,0.240282116532755,-1
0.609857169290216,0.142763225348141,0.102918579221459,0.263263485549617,1
0.059403296858277,0.05222352782515,0.996880488188375,0.891582571758429,1
0.315811438338866,0.683307915305935,0.358968819374506,0.586139828756669,-1
0.772722130862935,0.608559478411928,0.625242598780211,0.938674617699067,1
0.696432989006095,0.219655934781161,0.393366521225294,0.61807987726774,1
0.12533218110918,0.406279942301345,0.007662445500404,0.250719039558465,-1
0.130151450389424,0.62990794476248,0.545284934032101,0.102537452785395,-1
0.092352338719202,0.555307624725453,0.509110374446584,0.546363901182181,-1
0.007820293569335,0.127579062038263,0.246778920321399,0.442645614818116,1
0.423109385164167,0.169198331655614,0.04539527466164,0.691506135803519,1
0.655573174937914,0.000999418116753,0.84172974476101,0.759439458112306,1
0.722922524692024,0.418162471197123,0.048249917605632,0.399421186724809,1
0.531209293582439,0.488485678876445,0.316320497497147,0.567413399000053,1
0.108817938273045,0.15986884315247,0.783419430439279,0.205583924928062,1
0.631766373528489,0.666838577223759,0.972400059712246,0.94352861041327,1
0.126499865329303,0.017920369051255,0.586464080739028,0.512806644659089,1
0.134303304313575,0.119675356519242,0.778043849281618,0.276246602073697,1
0.098594092710998,0.952125308877993,0.727697443692381,0.22913955249854,-1
0.142027248431928,0.975853970932192,0.650986797126378,0.952928414501858,-1
0.168251298491528,0.030914538668406,0.664615020149917,0.689420829610687,1
0.196248922256955,0.493881843753437,0.938779800520264,0.707872749897411,1
0.317479775149435,0.86272212813883,0.53508126571778,0.656921910028513,-1
0.316428999146291,0.24287616629311,0.398440118410103,0.778967448467013,1
0.217563309422821,0.834270163718799,0.670457661455949,0.580469555874256,-1
0.251041846015736,0.813591192402868,0.440534471776437,0.503230133613125,-1
0.892922405285977,0.628973104075631,0.13287394477806,0.878731309131335,1
0.703223224556291,0.002238198560833,0.439203747941782,0.392949270164128,1
0.555737942719387,0.379723939726934,0.547642742273276,0.242635507549908,1
0.184433667757653,0.904405696492435,0.395136375845411,0.281626628145212,-1
0.212030842532321,0.680351665064685,0.39827199452513,0.904771010998606,-1
0.077346808112677,0.37882313072617,0.751348651125886,0.702675221153008,1
0.913800410779568,0.631954710702334,0.522350346054575,0.853055727233087,1
0.706715217696931,0.24326952247059,0.490433033651247,0.378683694796009,1
0.557788966754876,0.571413071603897,0.088678934542477,0.633021630675909,1
0.313428989936591,0.981728773776423,0.250851633092814,0.031556842557411,-1
0.166203562902151,0.849682018905517,0.447559022780024,0.920033538805044,-1
0.622497259279895,0.283444185689061,0.637960896081718,0.469746884935762,1
0.987934734952495,0.682457664450218,0.709445291503946,0.519903186132389,1
0.170432023056883,0.358124530982,0.992619809281419,0.766312112602389,1
0.257792250572013,0.98692676996185,0.9321948700926,0.336216599694675,-1
0.396799318633144,0.083986295756189,0.092229496388848,0.625985120212825,1
0.073994769576938,0.2503058863617,0.953539972829461,0.326902007816966,1
0.684096066962009,0.811346615315006,0.162795658817501,0.311106848888362,-1
0.402388332696162,0.084423103878085,0.970455087271826,0.646078397864106,1
0.982835201393951,0.531253963741857,0.597006665267872,0.433691632243578,1
0.402183985222485,0.80062297914795,0.240227119123713,0.102886548069359,-1
0.620671947199578,0.738823241921064,0.070295161477755,0.236150966651974,-1
0.154369805479272,0.141662980302459,0.300041215108974,0.97178279590953,1
0.381345204444472,0.437894257905023,0.813544823896987,0.698897416325079,1
0.161133971849361,0.350380372413469,0.076709874200815,0.659450255872462,1
0.758112431327419,0.47849749719769,0.354473095439048,0.326097341551261,1
0.871111121915389,0.587403400124094,0.132010874408976,0.019821917190921,1
0.350776744885893,0.145805695219521,0.158179630334593,0.570472591978458,1
0.685535708747537,0.905330607244364,0.062147051617368,0.036334901947378,-1
0.29414863376785,0.640194248332222,0.701843478892324,0.264742744870145,-1
0.530629303856886,0.16293957144067,0.086481697079467,0.190658434187946,1
0.832423386285184,0.565910591001657,0.616787239562239,0.44929962442202,1
0.597490191872579,0.931616136977195,0.173771583224603,0.768655178962958,-1
0.335311330705246,0.783101883684631,0.651401064738548,0.627936197397814,-1
0.299225023333107,0.685687136978989,0.498696405983114,0.314700292825058,-1
0.452592541569324,0.466219284982742,0.284510688567093,0.292043134550917,1
0.422645653220462,0.26031809566653,0.830559738735304,0.07823798850247,1
0.359606317972236,0.569268171077019,0.81835988248334,0.171943833266124,-1
0.558319199869297,0.248770662888077,0.938169403753504,0.721280345216873,1
0.742545365701939,0.319301591520897,0.000326096340119,0.089448586732332,1
0.424334783625691,0.910802232216941,0.640389224633762,0.917812202791595,-1
0.429355788576205,0.885220040994411,0.007355692776486,0.429676950914959,-1
0.124872758719813,0.794589424165852,0.106421106692614,0.079722871232442,-1
0.024434016050374,0.925809807166877,0.106794413254953,0.572144113781267,-1
0.290185265130727,0.178839950775878,0.3671090438542,0.831772314298265,1
0.317520582899226,0.517541148236465,0.239607700586711,0.347367804853563,-1
0.653690133966475,0.627005316409309,0.346140201697452,0.779889004323627,1
0.956935924070684,0.913182345900904,0.249619835400228,0.708339230111793,-1
0.93573087278488,0.663968253838808,0.387064314143913,0.590942358853515,1
0.457886333854367,0.389192822992613,0.421038370433554,0.376993696231509,1
0.240478396832085,0.740007581416152,0.640077289145426,0.393825024763218,-1
0.763897944286478,0.817634859708731,0.787552972956609,0.428308845834898,-1
0.759327383131096,0.600344793176493,0.269994423620667,0.423025608994076,1
0.740648064978614,0.084997064502703,0.84398236072591,0.218924283366909,1
0.743688341487326,0.922358001090054,0.740468380221871,0.496764652079592,-1
0.105920416732765,0.053597815316558,0.826101948913986,0.039869713479893,1
0.681560430470316,0.527024952677366,0.182192247374924,0.564816498716393,1
0.463260578593719,0.118853276619748,0.065436182755649,0.049142959392239,1
0.212163205254934,0.380142990241005,0.610350262112943,0.872281243332778,1
0.098518737688108,0.812832533015109,0.701552809275043,0.860024759716473,-1
0.823574473927839,0.24409591557169,0.111617712753208,0.338257942897051,1
0.17500973738208,0.884422659093575,0.095823732470098,0.974030463434996,-1
0.163569909784993,0.71264679475915,0.597833772320779,0.954775008053706,-1
0.665987216411111,0.378148438082143,0.812232610355035,0.988620997542051,1
0.894389375354243,0.248919610995933,0.81457817403632,0.157717674744754,1
0.51655820835127,0.252853745239273,0.089436965143399,0.002918350293776,1
0.702702306950475,0.767243594526935,0.731278705325746,0.24817996036152,-1
0.1535903766194,0.04986188504724,0.903856576224039,0.346290120726571,1
0.953457069886248,0.685288567608909,0.452231787215498,0.233338712802426,1
0.540884081241476,0.620278122151001,0.070687676358619,0.755891184137008,1
0.679733898210467,0.746684629968725,0.241278155067504,0.225927682042708,-1
0.036563018048453,0.977255648345669,0.731865059823696,0.448443245432694,-1
0.809203851293793,0.383913512660615,0.040491615659171,0.25944456659852,1
0.748618871776197,0.260205602313722,0.424522762856597,0.345794513857056,1
0.120187017987081,0.877469536014124,0.540215087042906,0.902954947885711,-1
0.525045164762609,0.806095983510647,0.953827837894086,0.01270086826615,-1
0.325833628763249,0.461121079779699,0.208905741989429,0.132222804167349,-1
0.546449439903068,0.090961687924221,0.116332096224402,0.388062654293169,1
0.398880752383199,0.564268825273198,0.646220067892793,0.840621010357475,1
0.415093386613047,0.187382889148607,0.108411089785024,0.213266302910019,1
0.180737760254794,0.531689585894733,0.983496924216579,0.935234397675956,1
0.255386740488051,0.355033321773383,0.248344038446042,0.969800379015831,1
0.020535774658185,0.314783504755494,0.606355720132135,0.375258555862433,1
0.923675612620407,0.726741468842694,0.816695272780671,0.984862842316508,1
0.653699889008253,0.515772858133538,0.830054212606881,0.122085694580906,1
0.932613572048564,0.790644897912478,0.489039332451187,0.760957470100977,1
0.163512368527526,0.204492581358956,0.76072825611808,0.579361683136027,1
0.921097255892197,0.678106077559796,0.915107935348786,0.621156542467873,1
0.794657885388753,0.052485542638024,0.900974956264358,0.489904240446515,1
0.577394196706649,0.801172362362499,0.214237510073561,0.220450353873685,-1
0.440035595760254,0.678568638819314,0.547061105978206,0.144134244539961,-1
0.257613736712438,0.946008945084062,0.78470948099561,0.635175705304298,-1
0.75194639386745,0.09155814287483,0.194441094252232,0.802415693517919,1
0.228669482105501,0.908438370578178,0.746889151997501,0.669643258984183,-1
0.064187087391899,0.509953037053204,0.475558224441359,0.471602957589594,-1
0.767329510776574,0.614903565140055,0.583258581227704,0.944478114463053,1
0.671202185356536,0.31607120088596,0.260548081851841,0.591480867588899,1
0.71521251478584,0.077487481515422,0.084822459630836,0.226747759363656,1
0.642060828433852,0.850614066003707,0.298132851184017,0.683843687213689,-1
0.419048293624883,0.144526906948512,0.91712935887688,0.320642855770221,1
0.390762082204175,0.370485792654012,0.470518192745995,0.748918543809053,1
0.816140102875323,0.622391433081251,0.269467553234544,0.998143207374415,1
0.31742786365585,0.99755190243137,0.76297047694478,0.269733351684676,-1
0.814539772900651,0.517344133245693,0.772172105182967,0.931869635780535,1
0.789073514938958,0.990511215150315,0.021299624109668,0.696387052982075,-1
0.852263890343846,0.226534462555839,0.879986192497539,0.095259283343103,1
0.505636617571756,0.398005186420214,0.798170184137338,0.245872172228089,1
0.635661388861377,0.69656868951164,0.324165238549624,0.934657551550311,1
0.950894415378135,0.064640759453523,0.669044416639185,0.479784218135594,1
0.44396415501881,0.747661582378364,0.29629386335108,0.882527743636948,-1
0.060018819779476,0.420400431232813,0.92995204367677,0.779297316773493,1
0.866749896999319,0.811317420238023,0.281960434914488,0.018283884759971,-1
0.631188734269011,0.379605285770611,0.168879971344252,0.770761745335744,1
